1050378187548

1051138138233

1050377499878

1053012208652

1050378831498

1051150314657

1051260184494

1050366233553

888131461239

1047432135953

1048481890453

1050041124545

1048186466463

1047437035113
1050207831417
1046801374967

1047766685831

1046807094841

1047348485391

896222242140

896662221903

900105772973

1043581555818

1044329542615

996631291976

1003145706966

1033683179741

1036143036820

1038147852640

993631052469

1036142712971

1038960114669

1032918656384

1028612329535

1027033627320

1019602845439

1017379115455

1017379342632

1019052860857

1012837147536

1014521233051

1001658687483

1005686483133

1007067731213

1007069999961

1003340467040

1001951845496

1001153214589

1001955725553

996837321551

884420755992

988043395920

985895585634

983592059291

883848767787

981864971239

983070093596

979406428031

978755641883

980265412809

1048103512855

1047221505050

1046261998591

1047221049383

1048102456589

1046260874763
1016294074947
1017926124902
880470156310
1048649944490
